name: test_two
channels:
  - conda-forge
  - defaults
dependencies:
  - ca-certificates=2024.7.4=h56e8100_0
  - dlib=19.24.2=py39hb355393_2
  - intel-openmp=2024.2.0=h57928b3_979
  - libblas=3.9.0=22_win64_mkl
  - libcblas=3.9.0=22_win64_mkl
  - libhwloc=2.11.0=default_h8125262_1000
  - libiconv=1.17=hcfcfb64_2
  - libjpeg-turbo=3.0.0=hcfcfb64_1
  - liblapack=3.9.0=22_win64_mkl
  - libpng=1.6.43=h19919ed_0
  - libxml2=2.12.7=h283a6d9_1
  - libzlib=1.3.1=h2466b09_1
  - mkl=2024.1.0=h66d3029_692
  - numpy=1.26.4=py39hddb5d58_0
  - openssl=3.3.1=h2466b09_1
  - pip=24.0=py39haa95532_0
  - pthreads-win32=2.9.1=hfa6e2cd_3
  - python=3.9.19=h1aa4202_1
  - python_abi=3.9=2_cp39
  - setuptools=69.5.1=py39haa95532_0
  - sqlite=3.45.3=h2bbff1b_0
  - tbb=2021.12.0=hc790b64_2
  - tzdata=2024a=h04d1e81_0
  - ucrt=10.0.22621.0=h57928b3_0
  - vc=14.2=h2eaa2aa_4
  - vc14_runtime=14.40.33810=ha82c5b3_20
  - vs2015_runtime=14.40.33810=h3bf8584_20
  - wheel=0.43.0=py39haa95532_0
  - pip:
      - click==8.1.7
      - colorama==0.4.6
      - face-recognition==1.3.0
      - face-recognition-models==0.3.0
      - pillow==10.4.0
      - google-cloud-storage  # Add google-cloud-storage here

prefix: C:\Users\valiance_poc\anaconda3\envs\test_two
